823.765883102
2.21390590407
1.93725808601
1.77007551507
1.4823333675
1.2816903935
1.02274219798
0.859767874093
0.722774678529
0.650999038377
0.551588520281
3.73244005012
3.06264084393
2.07732321739
1.64554270351
1.29911186835
1.10582291813
0.88373478248
0.81941442963
0.71634222246
0.653063251941
1.60953135533
1.34627956852
1.14899719909
1.00741992925
0.849690628506
0.705393650966
0.625013705924
0.578966544708
0.549562905309
0.544995611177
2.74572512471
2.37588894728
2.1113772054
1.9756593684
1.80280753553
1.6912730012
1.60286690454
1.44031434388
1.30713337064
1.21757277925
3.24707766814
2.71699395928
2.28074607642
2.07822643907
1.93140554258
1.88020090831
1.77696755363
1.59520258899
1.5157619009
1.38945270777
3.3238224374
2.89196367583
2.80339078169
2.70542990541
2.6193322489
2.52270097744
2.39326494063
2.25759165969
2.08443429615
1.9034435946
2.32688415378
1.76868676914
1.6357768051
1.48417944908
1.35766984605
1.17798610846
1.09287742707
1.0090583069
0.952236223369
0.928115847909
2.16432382954
1.70836945751
1.35866817038
1.18765643017
0.988604225035
0.867905963388
0.764689496083
0.712137854812
0.646796807188
0.604969797045
1.19406439607
0.757308362313
0.238521279012
0.150795384311
0.0988437287178
0.0743809983765
0.0646258534583
0.053844348823
0.0460681339967
0.041189520011
873.166056916
2.05529728528
0.799614968866
0.349819691492
0.197679055976
0.137164231735
0.106525427484
0.0855192557096
0.0692630995227
0.0582339495003
0.0508154856325
2.95957280737
1.61564545558
1.0265297924
0.54360667971
0.237202286477
0.131149956287
0.0974715023167
0.0720739781148
0.0594505296539
0.0513190154752
790.720718754
718.836392381
915.860665871
855.762029434
766.749991654
751.972536183
739.178676298
692.148819452
694.355027877
670.736793477
2.16995028406
1.39256745533
0.852302941931
0.498098005884
0.311435766577
0.19957648889
0.145425535103
0.111270472977
0.0845357952747
0.0723239807948
0.0580376293674
0.0512695502795
0.0442022440382
0.038430873511
0.0348019996391
0.031516265378
0.0284847139857
0.0264267873183
0.0243383298699
0.0225936846728
0.0212120792818
0.0198309402117
0.018593956301
0.0175941777855
0.0167152780006
0.015822960188
0.0149736668232
0.0143649898318
0.013732173193
0.0131150406968
0.0125780749283
0.012197080545
0.011668225631
0.0112362021212
0.0108420260466
0.0104922329713
0.0101324065994
0.00982898723569
0.00952432392163
0.00924371148349
2.72528210633
1.26310851249
0.521635028583
0.16974873825
0.111317945006
0.0861935494851
0.0683354390004
0.0556662254586
0.0480085410099
0.0417358590291
0.0367974717482
0.0329293391788
0.0297391405094
0.0272659490709
0.0250602700123
0.0231674486138
0.0216201020022
0.0201207591554
0.018915881075
0.0178263954133
0.0169731000573
0.0160072861611
0.0151940191035
0.0145170702676
0.0138414270134
0.0132590192606
0.012709625004
0.0122041763532
0.0117543334684
0.0113062378788
0.0109092755261
0.0105492178558
0.0102260468094
0.00988471748071
0.00958684573566
0.00934809732815
0.0090365675766
0.00879103689056
0.00855449245722
0.0083234169512
0.0081120446867
0.0079117378344
0.00771130397744
0.00753729874354
0.00736131250012
0.00720109913162
0.0070425271006
0.0068890783641
0.00674245614749
0.00660406938848
0.00648138171156
0.00634724023569
0.00622926514175
0.00611544834231
0.00599674310783
0.00589176359711
0.00578849971373
0.00568842126916
0.00559171423458
0.00550190298244
0.00541359632878
0.00532153172104
0.0052429186717
0.00516205395763
0.00508063422911
0.00500862262882
0.00493001869747
0.00486463580863
0.0047908010991
0.0047283377844
0.00466263564157
0.00460356564916
0.00454200078494
0.00448293955638
0.00442203849658
0.0043687752457
0.00431216349825
0.00425926797669
0.00420864406931
0.00415895934357
0.00411139485631
0.00406002283592
0.0040164323686
0.00396918820375
0.00392611803087
0.00388516108124
0.0038425063795
0.0037981014568
0.0037578612572
0.00372205840312
0.0036811061086
0.00364566830443
0.00360751733222
0.00357081065033
0.00353752329506
0.00350302745735
0.00346845700369
0.00343520147162
0.00340582261548
0.00337192511702
